price
21025.54481096565
1176.4350640724083
1.0003493724013992
1.001
234.69083280667311
1.003
0.3266448803181689
0.4654915561541061
37.06926171411486
0.06730938101050582
6.865383632813902
0.00001125
0.0674880005462864
19.34
1146.54
0.5780663543226584
52.62201232669722
25.944504206860106
0.11975491772795037
6.189999371789418
6.300466537478674
0.10734584486336952
3.5596256901320276
8.740696294736146
126.68337882987969
0.101697
0.3092993065213665
15.200123406726606
107.91468466639427
0.051747
0.02355028250506805
1.6387089368427996
6.49
0.8726640097574342
0.18001389519065333
1.17
421.95
1.629361577066335
4.83
0.06482840261385278
1.001
0.00688447
5.52
1.0001263543817869
14.59
1.2077159619586708
52.50202132845937
62.012836646961446
9.4
1.0124792785573913
80.05
76.36095744216665
54.67279088151211
1.0106915428899357
0.02266288
9.32
951.2994635274288
9.09735
0.9991807215889319
0.3012868254413096
0.00004083
0.00011342
59.47248366806015
0.990238
0.10052380689553653
0.997507
3.52
2.32
0.237171
0.26637914394360085
4.37862733420844
9.160578163702322
23.68
0.064006
1823.8249966841156
0.40899383780989823
11.89
3.959287029213994
0.022052099950477
0.039515093959971756
0.958159
0.10490090522247603
1.014
2.4434401600198385
0.00017035
0.4669191505165892
0.408427
1024.2420439074997
0.998023
5.144724052827184
0.052317
0.450951
0.529377541356074
45.5351436846056
0.39111642453457096
12387.05
